,gender,body.temperature,pulse,respiration,systolic.blood.pressure,diastolic.blood.pressure,map,BMI,type.of.heart.failure,NYHA.cardiac.function.classification,Killip.grade,myocardial.infarction,congestive.heart.failure,peripheral.vascular.disease,cerebrovascular.disease,dementia,Chronic.obstructive.pulmonary.disease,connective.tissue.disease,peptic.ulcer.disease,diabetes,moderate.to.severe.chronic.kidney.disease,hemiplegia,malignant.lymphoma,solid.tumor,liver.disease,AIDS,CCI.score,type.II.respiratory.failure,consciousness,eye.opening,verbal.response,movement,respiratory.support.,oxygen.inhalation,fio2,acute.renal.failure,LVEF,left.ventricular.end.diastolic.diameter.LV,mitral.valve.EMS,mitral.valve.AMS,EA,tricuspid.valve.return.velocity,tricuspid.valve.return.pressure,outcome.during.hospitalization,return.to.emergency.department.within.6.months,creatinine.enzymatic.method,urea,uric.acid,glomerular.filtration.rate,cystatin,white.blood.cell,monocyte.ratio,monocyte.count,red.blood.cell,coefficient.of.variation.of.red.blood.cell.distribution.width,standard.deviation.of.red.blood.cell.distribution.width,mean.corpuscular.volume,hematocrit,lymphocyte.count,mean.hemoglobin.volume,mean.hemoglobin.concentration,mean.platelet.volume,basophil.ratio,basophil.count,eosinophil.ratio,eosinophil.count,hemoglobin,platelet,platelet.distribution.width,platelet.hematocrit,neutrophil.ratio,neutrophil.count,D.dimer,international.normalized.ratio,activated.partial.thromboplastin.time,thrombin.time,prothrombin.activity,prothrombin.time.ratio,fibrinogen,high.sensitivity.troponin,myoglobin,carbon.dioxide.binding.capacity,calcium,potassium,chloride,sodium,Inorganic.Phosphorus,serum.magnesium,creatine.kinase.isoenzyme.to.creatine.kinase,hydroxybutyrate.dehydrogenase.to.lactate.dehydrogenase,hydroxybutyrate.dehydrogenase,glutamic.oxaloacetic.transaminase,creatine.kinase,creatine.kinase.isoenzyme,lactate.dehydrogenase,brain.natriuretic.peptide,high.sensitivity.protein,nucleotidase,fucosidase,albumin,white.globulin.ratio,glutamyltranspeptidase,glutamic.pyruvic.transaminase,glutamic.oxaliplatin,indirect.bilirubin,alkaline.phosphatase,globulin,direct.bilirubin,total.bilirubin,total.bile.acid,total.protein,erythrocyte.sedimentation.rate,cholesterol,low.density.lipoprotein.cholesterol,triglyceride,high.density.lipoprotein.cholesterol,homocysteine,apolipoprotein.A,apolipoprotein.B,lipoprotein,pH,standard.residual.base,standard.bicarbonate,partial.pressure.of.carbon.dioxide,total.carbon.dioxide,methemoglobin,hematocrit.blood.gas,reduced.hemoglobin,potassium.ion,chloride.ion,sodium.ion,glucose.blood.gas,lactate,measured.residual.base,measured.bicarbonate,carboxyhemoglobin,oxygen.saturation,partial.oxygen.pressure,oxyhemoglobin,anion.gap,free.calcium,total.hemoglobin,GCS,ageCat
gender,1.0,-0.041915451772017005,-0.04952126996620289,-0.018299877971507793,-0.0350878347909605,-0.02939492558169928,-0.035087526941984415,0.016874983353768063,0.002288292619667229,0.06958523437988072,0.046741682174808084,0.06557081970099174,0.012407109586920486,0.019397062562175698,-0.016740928033311047,0.06926547572518048,0.10592633126165588,-0.015292034121451909,-0.01931414695342051,-0.045944440606762574,0.043001681912070426,-0.026539926689681012,-0.018986970597425924,0.030494843725663537,0.039896242105973846,0.007418457029156737,0.07547902687693746,0.022177976579124316,0.0012600114938244023,-0.006732108904256179,-0.014981913647085485,-0.00826519536848527,0.004809951510051924,0.00437494370080851,-0.006697968636016859,0.05277224341110954,-0.15137469310350776,0.32611204056431686,0.001556287707661243,-0.03056698881194777,-0.0203485089321677,0.03169978938411221,0.0909084821017986,-0.012454341703410267,0.026322380853159567,0.11455341885658174,0.07555689252605144,0.18115324383102502,0.008229667173402413,0.04475791084479988,-0.009086293684839791,0.10422129358544484,0.07863362814811982,0.1643627705103629,-9.893361961170343e-05,0.03912948624237481,0.05693232588014518,0.1971218952990346,-0.014370580870220096,0.09606681251755692,0.13028517772267983,-0.010017477222167353,0.07165305759791755,0.07120711875536713,0.09172534498478288,0.07785848745083132,0.20529835656169276,-0.07112410666078546,0.008183488388643008,-0.0721534531247609,-0.02812499146903089,-0.019633201831509486,-9.026373253698731e-05,-0.005492975826275182,0.09955072861247062,0.02575306962192587,-0.0578982448538204,-0.007475384819817609,-0.003157237970705928,0.002096651535453595,0.13989798657008365,-0.08447580847994444,-0.031964944487200476,0.039951187365518365,0.07148377987957998,-0.0019899964355503488,-0.07238520750547062,-0.024948339359917863,-0.12224343429677355,-0.08084384915333209,-0.01199845613644793,0.029976146860263227,0.03684514694408524,0.0035732342512622595,0.015347856771779262,0.1922349422081357,0.0412989448037938,0.002877106864615276,0.04877755145520426,-0.07742108859634056,0.015139398548479208,0.1336727319223153,0.0702687105882941,-0.13950566094052128,0.029485265394679692,0.023361919104545947,-0.06736390757042492,0.04521288809658492,0.04026341090562992,0.08844424298703998,-0.1083173224658578,-0.08631394299408299,-0.08648852242407393,-0.0007181583723240927,-0.10957858894090315,-0.1387069033935864,0.15273406222269328,-0.10577538957266892,-0.07812739677780281,0.1876601162086624,-0.033754868873519556,-0.0854429035204548,-0.08019162159823828,-0.057047905379671436,-0.08463428638001663,0.0021357202298946166,0.2000341663209493,0.052682718875542295,0.08354583350519552,0.023314303093010635,-0.035185493272420765,-0.07650295599227652,0.07593950473842953,-0.07907709052061582,-0.08541657316342599,0.1960566592906118,-0.05384426119049158,-0.08372350147062078,-0.06983570786528011,0.029161435895226035,-0.0007395969345038127,0.22049597047663874,-0.011063762325472888,-0.12467080603709348
body.temperature,-0.041915451772017005,1.0,0.09371983071319691,0.018016427040889984,0.04958663838628757,0.006055193767371276,0.02862927158050174,-0.028248465735416648,-0.011829130769185217,-0.0024729943504233137,0.041397593021305634,-0.00024134777768083102,0.03288026433323437,-0.025238424857458773,-0.022453831529981462,-0.00042929451950008595,-0.0185093389074827,0.02628444459634992,0.019561443529068617,-5.40983643414351e-05,-0.0043034140048909385,0.01021609174090268,0.004214908385384743,-0.02550608905660489,-0.030399172963498162,0.00843616213619236,-0.015447995223612076,0.0024919708950615982,-0.021876594171017297,0.02242739161202437,0.033767018664693595,0.02548692894175806,-0.004633176831779943,-0.0030046850193420193,0.0006690537145242283,-0.03705375230593666,0.06248363616339969,-0.03953615608347849,0.02300305995330383,0.010975880666151912,-0.025290079886162983,-0.0019264122436316615,-0.015741986273616553,-0.02455034346667294,-0.040164361318349044,0.023349260526857596,-0.028037579727973543,-0.03258096978353015,-0.018537352710773412,0.012634169120574417,0.07432587394532847,-0.03504504588816401,0.030351053558180196,-0.06816156910465565,0.00815534828796245,-0.019001366805813817,-0.0300175117356645,-0.08378613267538575,-0.09104282106100157,-0.029102488817335948,-0.02022988611813282,-0.030702261951097785,-0.07536376608225338,-0.038384793110551464,-0.05427906869966231,-0.045846218308544635,-0.07836060257339016,0.018554863431948176,0.02254628157314465,0.006649293242036198,0.12604399761852692,0.09800064691248815,0.016707147276377687,-0.020545202686683296,-0.01590579004919398,-0.022067137936850962,0.008953681735035935,-0.02091678777123486,0.11673148608212157,-0.016726478739645844,-0.015009200005994788,-0.01600937640917941,-0.013963780140473878,-0.029248669685687328,-0.02319199268537576,-0.040484675155537705,-0.04098784107194714,-0.03697047338152714,-0.021850521456392796,0.017431983159661314,-0.008627968471150299,0.023827251608386085,-0.02368778706235937,-0.05028626115785506,0.009162940481698443,-0.018643776019551285,0.18730807052709833,-0.04510287552757022,-0.06144212413769795,-0.0710009298033298,-0.10100978214984795,-0.02504804972289909,-0.00436782860530225,0.0023959805935505345,-0.024125294722805977,-0.037594513328835615,0.07178118922766526,-0.014655562337040335,-0.020776487848792085,-0.018104162347319767,0.011029387691882494,0.10492362515144259,-0.012748522187034646,-0.006756174419638835,-0.005089746246955386,-0.008663511052322001,-0.04670383954271632,-0.10814019400887503,-0.02946003946252655,-0.0050357646616323234,0.10955237808068143,0.030510544567176928,0.03458855747377556,-0.04489414072691118,0.004110618991504962,-0.02780607032613775,-0.10219639923631649,-0.02334393196893234,-0.033793646813114635,-0.027787775008555136,-0.04451344133957555,-0.012998866001452064,-0.04990437728992007,0.03798439197666742,0.007624771865931491,-0.014068265818415191,0.025376255105626373,0.004198839348361963,0.025196653011766212,-0.024557035146953374,-0.07645307530668365,-0.11030251942554792,0.02986672922712982,-0.0018351367266117452
pulse,-0.04952126996620289,0.09371983071319691,1.0,0.3327403506210663,0.08988734724334119,0.21779233081587906,0.17403579043780276,-0.01852680912645331,-0.02903386622809916,0.061015307232397425,0.10025334416804228,0.025329718288840564,-0.002500681063012705,-0.008440395678454966,0.017996196765350744,0.004322781536290947,-0.011598095179169552,0.015113984578501903,0.0020367151456016975,-0.002126312541910706,-0.055835468858766786,0.025930158140417155,0.02573337172441816,0.032185923920716154,-0.02327574251252993,0.015633863140897448,-0.014537080365656733,0.02939213056317075,0.02187859608096034,-0.04643494406242569,-0.05932507914394471,-0.027730487131619134,0.08831411551782138,-0.020531420055611496,0.06512411914749583,0.01155331336396092,-0.12588872907882093,0.03803159124750017,-0.005586038555210017,0.005190049102377049,-0.046797907161559335,-0.017741850149795554,-0.014154991655267344,0.020559574694929802,-0.047996069381252324,-0.06337707573821795,-0.06907450828696779,-0.04761296775508731,0.07339970568395184,-0.09386651310556159,0.19576048954497202,-0.12193484058745638,0.06388580353306991,0.10688019400708788,-0.005164886388519888,-0.008441644069938643,-0.013804935971922963,0.09945331669711174,0.07441766403441007,-0.009534509238470457,0.01222685083849939,0.04141371987543789,-0.03716719436699905,0.0590480548097825,-0.11052622243299191,-0.059423576818670325,0.09123522987967457,0.10995004353853571,0.018171279619098726,0.13539342535878468,0.14729091168131045,0.19460439865765808,0.05802828078708735,0.01906116231341664,-0.0647946187223016,-0.050965273832119774,-0.019168760789049475,0.019000848805908327,0.0747545752856595,0.041028483391908184,0.1555561842394701,-0.11600029358533273,0.026665349999227567,-0.06941058525895835,0.005086815100370022,0.003401936738346773,0.07975250207426178,-0.007401459525813901,-0.024403201698075895,-0.06998481461645224,0.08198787009736302,0.04603214163021463,0.03869158421990423,0.05425527493816522,0.07196552199274152,0.045084145032543585,0.12471804735704979,0.13039235983186176,0.014545705066425177,0.014029569357365202,-0.011214335350966125,0.08544044518418828,-0.0075604785075732,-0.020375560957126337,0.04784749778797515,0.08729605431034757,0.02626618126543903,0.03546593483530499,0.044691733603757576,0.003742125625300469,0.031245833923052187,0.002702298257909166,0.10947817558460711,0.09219794908684421,0.02965449771974552,0.04464500726978305,-0.12410374243276495,-0.004707217867460587,0.04166776517115496,0.028648043821374237,-0.07525313654022307,-0.10740068921544701,-0.10143943103268861,-0.04753623525016681,-0.09704083423044046,-0.059358365670142105,0.07655763074601464,0.0354364755586755,-0.012582150109797498,-0.027123005242575837,0.016805245650464738,0.05378340551464471,0.1681311797198905,-0.10538958183643611,-0.09895540792485331,0.0014447904945845012,-0.03632674531546472,-0.05614355787611918,-0.0333292027420281,0.17823360758271156,0.0002672011491511799,0.08001115606303993,-0.046081576200314445,-0.085796341336397
respiration,-0.018299877971507793,0.018016427040889984,0.3327403506210663,1.0,0.10398178239574288,0.11340550946880484,0.11950952381794146,-0.011178922811879287,-0.03202092327421489,0.09443063902076987,0.0974504568540111,0.08216315650257487,-0.010895282698631957,0.001442659652665037,0.03888384180556059,-0.0013743577401463805,0.0396673142448118,0.11478274961182207,-0.03231590801854445,0.042106551614837305,-0.02142494319000114,0.011453520112900127,-0.013999097713779792,0.04034210225784992,-0.02558551691295322,-0.002055266822151787,0.05371819774725731,0.11231645282163406,0.07055718006120526,-0.11322021733370383,-0.1350735990514362,-0.08310722385173004,0.11736768156026771,-0.05687202655585486,0.14479372267364266,0.0070999568804115155,-0.05909913404202483,0.03086941674857404,-0.00693842717789089,0.013745565104381581,-0.06505056982532131,0.03536617350553586,-0.005099241642877407,0.01614847888197481,-0.006088543800953309,0.0692626550810959,0.027437136357242944,0.013530038071043774,-0.0021013008988108517,0.02872322247770596,0.20153226796363863,-0.07152488681028445,0.09152011253460993,0.01815569777967456,0.017176772105045493,0.02611806137053878,0.009252129141610124,0.02287060281007306,0.08673454595178462,-0.0022382050583880544,-0.027813544913655116,0.0021680615277521313,-0.059148696312618626,0.01787514571510759,-0.06952448225344492,-0.03853337174454473,0.013837767747351501,0.06477505468223774,0.011580627800424998,0.07376192238931907,0.09762492619646666,0.19522361886697534,-0.06112110539081947,-0.004057871233625325,-0.05791493390904737,-0.014530753508511523,-0.009098721965033859,-0.004256812869797458,0.04949093688305883,0.09834006444695939,0.1466932925202832,-0.07217494217045713,-0.03973364534784127,-0.012353747905621201,-0.04691042459056642,-0.05607442779618345,-0.004020430286344923,-0.05840370081114809,-0.005318851514601318,-0.027139331726781263,0.07284072183845026,0.048441051331714786,0.0342905808339567,0.07109104147309216,0.05386203854708551,0.05941949891342439,0.13512736090522767,0.03541925831762155,0.01936721056862193,-0.031487760581527496,-0.07387839618358355,0.04788344296101659,-0.09075976815507877,0.08278251537294724,-0.035203960919500336,0.03107438501557326,0.08142772066990554,0.0021910611728650424,-0.01747516080631984,0.006513787134173803,0.04587257331506047,0.029968264129141647,0.03693422798702395,0.012113123149857961,0.00638379189977221,0.06109421760781006,-0.16151449600915344,0.06790075335468451,0.04439514328947143,0.0016869211076912393,-0.17459765952779593,-0.10726603449610435,-0.11664640934812438,0.036436004375114905,-0.06897045091976486,-0.0735832446711587,0.0683718606083221,0.1407544437991161,0.006608954637091277,-0.07228680292721935,-0.011960293682671756,0.14931336239642898,0.245176343203136,-0.12092723306884816,-0.07479385733254028,-0.012115504166786955,-0.13917203514750986,-0.0744116327651912,-0.135757647746993,0.1919503084781351,-0.06284893126140001,0.06061513975674312,-0.11608825307448747,0.013161442852347278
systolic.blood.pressure,-0.0350878347909605,0.04958663838628757,0.08988734724334119,0.10398178239574288,1.0,0.6635195809366989,0.8970950066540171,0.02117741720499265,-0.012283380892406853,-0.09249420119122337,-0.06483952251645271,-0.03224648877309753,-0.009570598298901499,0.07823394795564702,0.016734320824863314,0.028910916200885532,-0.04461686182409789,0.003944006782166997,0.014103338670776793,0.04939640478020422,-0.0074243879183805575,-0.01856670338339482,0.015319365721925994,0.0356015883824469,-0.06633820408779494,-0.016433966594170245,0.010628227271553789,0.013667909812705284,0.002820466108640119,0.036271249995783225,0.029056616916365404,0.011069087058843987,-0.0009668999164649464,0.010118011245206358,-0.005821022236142394,0.009760493632822009,0.2558657801694653,-0.17039059821442545,0.017798655012887094,-0.03657161854737742,-0.10905011939246159,0.010070882348204503,0.08779003884444224,-0.04241782502122863,-0.07916152819339113,0.02274110074237822,-0.17686995396795718,-0.2681609118981423,0.01725889792715076,-0.01553823847055495,-0.00879637424107048,-0.14699133413008578,-0.1296484508908507,-0.03921325077193552,-0.05826288219278085,-0.09023783483429355,-0.05699871353223974,-0.07342483555550505,-0.028153963142092175,-0.07450280171707695,-0.07022748661962645,-0.04837489040096281,-0.057348315797965024,-0.05284554311097014,-0.005701473768235222,-0.003600755258039931,-0.08301356808540637,0.05755603220779815,0.04302018535346655,0.05067818990550667,0.06507914992479086,0.006370095476076831,-0.08209563585954009,-0.1469853613611706,-0.14282218578974443,-0.04776703999746277,0.29432861491418233,-0.15363747914875295,0.059826427748726436,-0.005728834032973111,-0.03132802600856281,0.05515947317619035,-0.037690796732962516,-0.13651803700506737,0.2232539029265,0.2213970670188079,-0.09516226550277243,-0.05627862214134708,-0.07957919445515822,0.02586493879508848,-0.06507489204895922,-0.08321523338418943,-0.03260670048284992,-0.055942372282067894,-0.07656807022743431,-0.10725728757945054,-0.07002919947420021,-0.018496355498830358,-0.09791649091229432,0.03175100458395704,-0.0016725509657088012,-0.08595713462373288,-0.1304309317816065,-0.00726692749821426,-0.21352132871235618,-0.011059770774866019,0.01992833337499618,-0.256037176903021,-0.2526932851454062,-0.10288950532582852,0.03806054925485209,0.020902273839825285,0.18400034382958141,0.11155854456798138,0.00677066030994694,0.2293826485396988,-0.05466581117711767,0.2537387275580428,0.15292135476177385,0.09253170948459206,-0.053131691813918455,0.057597470342027,0.0395928295370939,0.09898365746749933,0.07852459045929693,-0.010653006152522005,-0.09864799256136458,-0.03892354549386461,-0.12388385112696666,0.2105249689240011,0.2610902301174986,0.015086770030438255,-0.22480802773645572,0.0453418001464444,0.07590622836329038,-0.01130097883035829,0.03939613763555338,-0.04171150325222264,0.03981751490139741,-0.1058147971767506,0.10587136982697559,-0.1168970321579551,0.02455086704198838,0.17671905234614627
diastolic.blood.pressure,-0.02939492558169928,0.006055193767371276,0.21779233081587906,0.11340550946880484,0.6635195809366989,1.0,0.9258049147070269,0.0034382890335525416,-0.025493587930463916,-0.08564030242738675,-0.08496979098967371,-0.05435567020557718,0.01710702076302116,0.03167032599485781,-0.02707262591449564,0.028491414631763336,-0.022141089083126973,-0.02816114984558651,0.013471039459192643,-0.004428539418757266,-0.08470799586010895,-0.025565658173805864,0.025416895520611903,0.03973978110817319,-0.05022607488030081,0.010580617283184067,-0.054819086721168316,-0.0366687572078157,-0.031969061939613415,0.04990793112405749,0.055560178899162746,0.02727747682193544,-0.027018643199003843,0.00691240369114453,-0.022792414664913066,-0.021162328299130843,0.027122752623277655,-0.06245900615082005,-0.005919722241796049,0.0192963063993171,-0.028054610548376154,-0.045337657086703155,-0.039923521089316086,-0.03780223718997891,-0.0431627169216145,-0.09718911953607502,-0.18897678862923584,-0.2084150206802918,0.12847982214146209,-0.1312127773617659,-0.020516863495743196,-0.11547334890395927,-0.10830307843440781,0.13252671503857277,-0.05052410714513977,-0.07177787437261929,-0.03909892636153801,0.11636671649076255,0.05217903410449037,-0.03786109696465366,-0.008762082511914902,0.030209099637404157,-0.019478110125842347,-0.036484547583615995,-0.021300478530423172,-0.017093514817685878,0.10045827263396902,0.04400556662376948,0.0502707765825503,0.07098773331348938,-0.0038950699292335817,-0.021892646736081288,-0.07954657632429002,-0.08861873872889692,-0.11734436139386623,-0.039992595546973465,0.1727588081194228,-0.0920085015727078,-0.017527317291809185,0.014783023105705355,-0.11466512808056545,0.04350275492536671,0.024911506908506374,-0.14050790454328027,0.18307320484298972,0.21732990455968734,-0.13745521158543583,-0.08590346010614176,-0.023211790584075517,-0.007059659209869248,-0.013503762726958836,-0.03891719664116252,-0.03535516902170303,-0.012717475146297496,-0.019017751574262946,-0.028394290313109357,-0.11749524082976895,0.06277840287720957,-0.03403772506524662,0.10029817857195292,0.07622220544307684,-0.015436692658199695,-0.06838504807958382,-0.0966593325604767,-0.06866251929282635,0.009725918893000925,-0.03843444532184545,-0.13612643000829844,-0.11055956104832075,-0.06978796319729749,0.036450531621277586,-0.06693307290779478,0.20662989328852444,0.15450878753981273,0.05001503253566822,0.17194243853372967,-0.007537040715741178,0.1459085850754244,0.19686524059452556,0.026309976884082452,-0.012101222500579198,0.015751724636215252,0.01013626639072784,0.03061045363971752,0.02171069379750367,-0.05181031674260155,0.07741080025090474,-0.02923656846121119,-0.1433922813628099,0.19574901569005335,0.28971308970365617,-0.03658869518720081,-0.11215327400690082,0.01612503358226918,0.02042499118369329,0.02802190850135338,0.03023624875948857,-0.04364268919355146,0.02795818126580943,0.016066526036319174,0.14135871779823886,0.07080758664552447,0.04527538275669261,0.018662272387738245
map,-0.035087526941984415,0.02862927158050174,0.17403579043780276,0.11950952381794146,0.8970950066540171,0.9258049147070269,1.0,0.012730269564142513,-0.021261748315365925,-0.09730830491861255,-0.08294000481343,-0.04839294127037447,0.005267362865813377,0.058230551764477355,-0.007533299854782473,0.03143310189837979,-0.03561812241389902,-0.014638355802527895,0.015080957081605914,0.02234181438822754,-0.053740899450120075,-0.024478912028443933,0.022750364772166017,0.04145642361939189,-0.06316838960996336,-0.002054578470814945,-0.0269990435238457,-0.01474973597727399,-0.017454842088311755,0.047799735277732194,0.04749262513095711,0.021701740719953594,-0.016444828151500272,0.009194284071148867,-0.01640146736537983,-0.00756634900130122,0.1489013816542176,-0.12339936336571805,0.0055203764620121495,-0.00783433269957624,-0.0744263103890611,-0.022139814234431968,0.01753442327233783,-0.04375602716475244,-0.06548607907491116,-0.04607656973398531,-0.20103607699033574,-0.25856117947082063,0.0848959591750717,-0.08553707218843787,-0.016551043942013715,-0.14228954311100928,-0.12931308757750154,0.058504500602580264,-0.05920502024903746,-0.08787320714578828,-0.051821466896751454,0.03169778798529082,0.016625778433669858,-0.05991470377096381,-0.04057314719403342,-0.006536461222680597,-0.04041024387181239,-0.048184580715736,-0.015453855756063452,-0.011910361085610208,0.017470236404725337,0.05500080870920115,0.05130912428902911,0.06738378259240405,0.030502831650227637,-0.009718894825990178,-0.08831126190110467,-0.126757938251506,-0.14144019560844054,-0.04774587481389457,0.2510555734355161,-0.13212734664418038,0.01985871010467307,0.005859525095864148,-0.08336885594137876,0.053555375467392204,-0.004307241164689518,-0.15195444687392656,0.22089745114698006,0.24020376611673105,-0.12934165915696857,-0.07923965759265858,-0.053922559730108816,0.00885674951949757,-0.040843005901127494,-0.06505756792484288,-0.03743595285635778,-0.03576936931772741,-0.049913934643156216,-0.07102287203387199,-0.10511705912101195,0.02784177522836924,-0.0694720888359809,0.07535703601459535,0.0442186464148578,-0.052599617382958576,-0.10639679617674026,-0.0611215087360725,-0.1485840288892054,0.0001567074858437135,-0.012644633717176702,-0.20997294239898945,-0.1931659648406814,-0.09314299835012245,0.04079972096275925,-0.02996315619530276,0.2152520403203401,0.14780485099583016,0.03302015282570261,0.21765338254902505,-0.03126062153823225,0.21033797760252282,0.1911228926990896,0.060812202581817604,-0.034186692041483155,0.03860520989179772,0.02613168186188923,0.06842196339226918,0.05277016578271062,-0.03583206824650579,-0.004870427764048021,-0.036999367439822184,-0.1472887463646599,0.2221777183892187,0.30308757324589786,-0.013776515539979692,-0.18041094766931914,0.03257630488493278,0.05068096307391628,0.010681011589722776,0.03782470485717502,-0.0468710609143366,0.03670501006397337,-0.04451761377091033,0.13691283231733067,-0.018048801260741286,0.039142271430634666,0.10030728763111678
BMI,0.016874983353768063,-0.028248465735416648,-0.01852680912645331,-0.011178922811879287,0.02117741720499265,0.0034382890335525416,0.012730269564142513,1.0,0.03485278286526363,-0.02220206100904203,-0.013951621731550424,-0.0038263058347267364,0.004545540584877279,0.015729772416483694,0.013342119208068971,-0.013663041937691998,-0.026699776571874657,-0.0022284589986281086,-0.019389555367668378,0.002513212456341675,0.020788423255666044,-0.004182356482601694,-0.003664915213198569,-6.899779623289273e-05,-0.010246276801560941,-0.0024215002228579006,-0.00047529736462330194,-0.004627858908593754,-0.004595892197832917,0.008361443473312153,0.008467313114102008,0.004892146751026408,0.0009037722345571595,-0.005845285002661481,0.0022198245240616764,0.003152622147647778,0.026752772968903746,0.04397161149775087,-0.0058844420736592785,-0.016541499400934804,-0.012481086542789243,-0.0032249802009931758,-0.008214022633525515,-0.008104993597883092,-0.005919756454249943,0.013524498671007103,-0.007669904413733766,-0.001611766813595653,-0.00021080899402797017,-0.010074441510288516,0.002568268150776956,-0.009313422421834023,0.00014676302501563467,0.03278528259853097,-0.04486525982319038,-0.029210634793175084,0.0148788450965198,0.04000542275704463,0.05104592644386194,0.020125372236937406,0.022757599954625413,0.017964650672383,-0.0043478084115132635,0.005998168902576829,0.0020099347028864193,0.00399939327790979,0.040906239130222406,0.010531130047407232,0.004188938857971701,0.01645582539930388,-0.0326372817682058,-0.007118531385777588,-0.015097810628276056,-0.029252442798033355,-0.019730322593972685,-0.015588862055474403,0.045600142512081686,-0.030158127383697896,0.03427821646490392,0.006086484374123733,-0.038094342691017115,-0.0104936208260011,0.03872558520747876,-0.018548029928129102,0.04098792374959113,0.030321100003810643,-0.10923373670146433,0.016112681084796684,-0.022343102369583014,-0.009645954393187144,-0.02185022017519904,-0.008366247841052223,-0.007811784096162396,-0.023246444024460983,-0.016353029628549898,-0.038822263824438805,-0.03198139303362581,-0.03927119025736967,-0.06348751701301786,0.027189986849983697,0.008999131430075169,-0.0043209103199385104,-0.010170265508540107,0.006911037209321888,-0.029526911517955612,-0.009519079211845308,0.014452441680584769,-0.03542556742113995,-0.034954355026174826,-0.027291671653515943,0.030433792289708304,-0.012459719881201285,0.02771524237223256,0.0320901493454606,0.023497715942908858,-0.026298302732737915,0.015132866473131057,-0.135599503810367,0.014827275850335022,0.021113452709104853,-0.04371830951998857,0.019896532420053216,0.010722704614930668,0.06309885070094635,0.03549204291892542,-0.010083710338596405,0.05035962066628845,0.028478374234009386,-0.06317788598449119,0.1170065225277051,0.16068764959007506,0.033005741804673,-0.04373621641067963,0.014719485106196566,0.03334985144945214,0.00511064175175566,-0.026242843836847395,-0.04944439523587958,-0.028297811151552936,-0.03658918798461691,0.030969512941297413,0.0649274771078318,0.007423246567000488,-0.03683875313483398
type.of.heart.failure,0.002288292619667229,-0.011829130769185217,-0.02903386622809916,-0.03202092327421489,-0.012283380892406853,-0.025493587930463916,-0.021261748315365925,0.03485278286526363,1.0,0.01869194796890941,0.028852853728075275,-0.041039273273150066,-0.12007299068966448,0.06486998562954796,0.012480645488435867,0.1074682170744878,-0.08347819952875299,0.026341248655414838,0.021983844239102848,0.012861018762369303,-0.012557122888264074,4.576203514028978e-05,0.013160717877018188,-0.07311562962736128,0.006046963585023394,-0.05260339446201471,-0.03412166778783022,0.03882065249506317,-0.005668663439388217,0.014806166503839108,0.02556767268116292,0.0005443840733064803,-0.029433940885234846,0.05171350147678474,-0.0884343968854892,-0.004941886696841462,0.04485224772283495,-0.026651197169523556,0.05928323493264201,0.05088404604900852,0.04646771033110329,0.04917528455498451,-0.00853678436518697,-0.0011661525798100773,0.13692928983947517,0.03415275965132513,0.03979525498224619,0.04537718270862143,-0.03146705192527464,0.056017540232427956,-0.08880247414918808,0.04145023192651514,-0.05474756919807683,-0.047466975188667763,0.09035363200909827,0.0853616174491333,0.0007223794212958134,-0.04896980240049136,-0.07633420845590554,-0.021561535645831492,-0.06205761397944176,-0.030598447845189444,0.05020587008822509,0.0034421549048739937,0.027266840012339835,0.00842567767907087,-0.056673325290792546,-0.014957577128040075,-0.04206635146325174,-0.025958968791335163,-0.03329784157576866,-0.07732339368521557,0.012253958055123356,0.026055146132094316,0.026261054925106272,-0.03505438271486879,-0.090474727802209,0.029326184508087307,-0.05113754791562607,-0.04667480214912727,-0.03629735537720009,0.013788668791136974,-0.030303957687559824,0.028012697660199974,-0.0014155004352873791,-0.0017800658015282344,-0.011717485998867919,0.08933732326416773,0.033421142426746445,0.025440400641474025,0.030273816543529175,-0.0006918081819915089,0.017897995741243213,0.0192196334171591,0.012220552496814582,0.014027947020401227,-0.01986645390311257,0.009916042551979715,0.042745933976284164,-0.03773992661001001,-0.006171728719987758,0.00476355481034679,-0.003446648924707519,-0.019956006043513625,0.054769188851568146,-0.00025988472035021686,-0.019404891980683684,0.09432582826495492,0.08042320720907713,0.0024646026892613114,-0.04170092671079549,-0.020255305361473002,-0.08522722083204846,-0.06880462645755035,-0.013896964081581382,-0.06465962144215484,0.0008939056637939431,-0.07062082900586547,-0.022167782728633786,-0.07810597947079964,-0.026272608446751736,0.02463287998313036,0.01845028834509536,0.05668822163001505,0.03440234471161951,0.03358980507903053,-0.0583108248150396,0.01534871704930764,0.011647586244746391,-0.013957727133443594,0.025208817982891252,-0.09808741122490786,0.013659392066593348,0.020549496805445593,0.032517856148371625,-0.009033548781985161,-0.017951358010043415,0.041226029709552414,-0.01538661761635177,0.009113787819411228,-0.03587602689428076,-0.04195245437353586,0.013264380152705379,0.005064268820268038
NYHA.cardiac.function.classification,0.06958523437988072,-0.0024729943504233137,0.061015307232397425,0.09443063902076987,-0.09249420119122337,-0.08564030242738675,-0.09730830491861255,-0.02220206100904203,0.01869194796890941,1.0,0.22107857157130262,0.06747677310439776,0.19813272587587558,-0.043766054010856356,-0.020532490154559737,0.08550373161069402,0.004658887150553306,0.007913222273202361,0.02071519903650979,0.06060425960558984,0.07716316731580754,0.03277015445077473,0.028614434193927986,-0.048085324870360664,-0.003317548841146579,-0.008539685703164135,0.13627139780521588,-0.013779664343064489,0.12723721978657346,-0.12938461212436583,-0.10330476344581585,-0.07244214850911002,0.11198538129768312,-0.010555255195496284,0.07534416204538832,-0.011305458676873974,-0.16712016135336621,0.1366788677270266,-0.052523930195458826,-0.0014129747839933785,0.01094705921256612,0.06630578726138468,-0.09593024246576612,0.160446437927566,0.11383405257294694,0.10848303252945109,0.15631129119668882,0.12440345385278226,-0.11877883804098809,0.10915370228132486,0.09157023045135028,0.024733695520229394,0.0842657084726843,-0.031457921766067924,0.09354280482567293,0.10098956919308844,0.015861678394900748,-0.021907406942994506,-0.05553894867323211,-0.0027074499141596553,-0.04644145670947017,-0.03756649599308005,0.01928731386480558,0.04140470351549769,-0.06797076009113462,-0.05845229550003798,-0.027803815736358286,-0.004004232931643306,-0.01350298378481658,-0.00969595004871217,0.10441394670070137,0.10601349110370968,0.04924209397938881,0.04446916662345254,0.00937804486220101,0.028667583915728222,-0.10859258453693835,0.047152480659893053,-0.0070620736977883005,0.05972154707735318,0.12156590374317047,-0.0859177111272919,-0.02793489170443661,0.06718767663144745,-0.07394485065840839,-0.08202621984399279,0.09823969296790817,0.03635506989309023,-0.008469544557191398,-0.09609517020576828,0.07248630547054115,0.0634420199827294,0.045920425979023814,0.05612906391993923,0.08597573625529491,0.17943386159510966,0.01137541381682598,0.06772664703374233,0.05172713769418324,-0.052969030605398225,-0.030853550297203994,0.07522552894703145,0.06744431497285776,0.005738265406665654,0.07127487770320529,0.03481376751624634,-0.002344678590862566,0.10659316648304093,0.09585816232831852,0.08768812989718365,-0.03796039976182294,0.024528127997249297,-0.042169616967536086,-0.03932059743691531,1.2668339837801739e-05,-0.03266102332885817,-0.04849158533307255,-0.1815802897639773,-0.1277499649126719,0.07481988064785172,-0.09366048160273543,-0.08406392901423332,-0.08669842627890618,0.009385813658408437,-0.0653859827220864,-0.026074279065545793,-0.04935496372321444,0.051265297700521205,0.10319235162106108,-0.061044058010609484,-0.07322835821274316,0.05565354581878909,0.14096885896498268,-0.09148722761780899,-0.06919846857862799,-0.00107076155471244,-0.051537624894829805,0.06011270711997368,-0.04976942837233242,0.11052663223648461,-0.10330507626858756,-0.06567806410675082,-0.10298482100578844,-0.0020406985449943574
Killip.grade,0.046741682174808084,0.041397593021305634,0.10025334416804228,0.0974504568540111,-0.06483952251645271,-0.08496979098967371,-0.08294000481343,-0.013951621731550424,0.028852853728075275,0.22107857157130262,1.0,0.10333325492403247,0.0056274167846300256,-0.044444335980928694,-0.002299296204035672,0.027402617706482977,0.04825396043185994,0.015685616905694415,-0.07323771543507668,0.03696683876345519,0.027931170005290367,0.018630797918939276,0.00041638228236051537,-0.03143159897050569,0.0007316104303386689,-0.014018834084595916,0.05403725346439764,0.10054492309086262,0.16791389677905055,-0.1869087675390823,-0.16033476558174656,-0.1494827282654706,0.132525962630002,-0.15850831003487267,0.2048960048361326,0.0460460681754722,-0.1058723698313929,0.05183847383765623,0.029306252187628314,0.04245648676839915,-0.04897109675717377,0.05970304596862988,0.07665869548454486,0.06930183094246756,0.0011956988134697655,0.04353022436824317,0.05529163142244335,0.03792214350401697,-0.07765909734996895,0.03149035323655038,0.1495120495077576,-0.07448835365032032,0.04752044149099619,-0.007214441180718186,0.052843839911136684,0.0552927338342839,0.010861463568637932,-0.00015754558648568175,-0.050971507650703685,0.0007725472064036129,-0.025294882467276913,-0.025602303699787103,-0.023836458360219297,0.034623613139289106,-0.06966247167600738,-0.05748652693312354,-0.007363227584401513,0.021108366236481598,0.020914055025459816,0.017060737236594462,0.17288997750032428,0.16998616787677195,0.12821839847596106,0.00918406874375712,-0.008444885054055079,-0.01258516480449928,-0.031227385310372113,0.009177532852461147,0.05785977512627593,0.04727694929883576,0.17926588728593343,-0.051135234802611444,-0.0482912733084815,0.02138825597318325,-0.07711534635922784,-0.08324199984737923,0.323919056600831,0.01640490017954549,-0.019198735563295398,-0.11949980785200226,0.0848713422979025,0.09205860432962848,0.06529839540580802,0.09604289842455045,0.10761716584081674,0.11621041913645394,0.11046163369131749,0.03300498504135897,0.014927998095059259,-0.08743823796116788,-0.09381773921510528,0.03984542852505765,0.08427258389403122,0.042053598047357865,-0.010708939952948473,0.020188553427855093,0.06315400061025284,0.03886439303519976,0.015490442825075883,0.05500640719481528,-0.007278164682424418,0.11966962333995264,-0.0013354011073883276,0.007977959905417846,0.013117122884491973,-0.0028937924342433896,-0.06303883872826621,0.005940119686951813,-0.005578130723987798,0.06375620324217639,-0.13801899188600453,-0.030023134137996746,-0.04231404241046414,0.0953586055339708,0.006604255544749191,0.023599259179704676,-0.00599718528360784,0.09366189857275062,0.051171542227153886,-0.07602876000426137,-0.08227990198159967,0.027986830744372138,0.12717776163828434,-0.04521884084714769,0.0006410371350411908,0.031518443573943816,-0.09343690075300451,-0.009166360323073587,-0.09614098842397596,0.023165582410851728,-0.07037737814439653,-0.004512201182609947,-0.174050665008285,0.042841912028280055
myocardial.infarction,0.06557081970099174,-0.00024134777768083102,0.025329718288840564,0.08216315650257487,-0.03224648877309753,-0.05435567020557718,-0.04839294127037447,-0.0038263058347267364,-0.041039273273150066,0.06747677310439776,0.10333325492403247,1.0,-0.0036364250244987598,0.02578126837873936,-0.004450729488404548,-0.018245092505897544,-0.014827916391781373,-0.012401511944766222,-0.01581598204428118,0.05532119899480699,0.05659813542705181,0.028899845838664315,-0.00619609199581317,-0.024293032875993985,0.019618629024099908,-0.012401511944766226,0.3085422752859008,0.01857049609220864,0.028900334397884083,-0.01655540339380264,-0.01522189788219292,0.01704270432259403,0.03804862049846306,-0.049755236995438164,0.040726444994967796,0.04951835167748587,-0.015367868445610193,0.03787298048930465,0.1152337466217819,-0.024979433309175205,0.1807474252907765,0.013063077214700779,0.011746111421941477,0.020660799972838026,-0.008651036644137354,0.038203064266519336,0.028064222475731097,0.038066545587088677,-0.06885635170811535,0.03612854355402166,0.07900882387951139,-0.03279931635729592,0.036008131168651564,-0.017541351544498714,0.0029766040736709225,0.022118000180894843,0.026005113243240653,-0.004118358470390813,-0.013882908758634419,0.024426095549390483,0.008977430925312987,0.016259287235187252,-0.057896934482670165,-0.024938859096985764,-0.003480703349936538,0.005765661081225231,-0.0037926773917265058,0.043564354385738135,0.03298165334894203,0.05343399321845195,0.05967720617899754,0.08419228317010263,0.04434344225128498,-0.017879583340237638,-0.05737870699737727,-0.01892735290683783,0.02469798304666555,-0.018435583391139584,0.039953735942488806,0.1595847118894833,0.18021210253581826,-0.09769317209455998,0.005355838964953035,0.01658857456443403,0.03617007122491398,0.020973021319423094,0.1658429063811409,0.09752056813201414,-0.03598772817746695,-0.07795438441824214,0.07820799698843123,0.1116016335804772,0.015319630798106807,0.018054810936433487,0.09726423819496381,0.09687669805721984,0.03634189801040277,0.0339883942953815,-0.042242434361488744,-0.0247529367679152,-0.01648383113431207,-0.0047357083270324575,0.0760771000306851,0.03022168772787892,-0.055357200805631696,0.03108184031745304,0.004613027477635294,-0.030544251866921952,-0.04599328811095022,0.001665249366975951,-0.013021943311652653,0.12002721566124831,-0.004035274986975984,0.024077032989573494,0.006557753622950797,-0.02439939341046577,-0.060892135171787126,0.04017576363890984,-0.0098004085694608,0.2017423485254052,-0.027599127090815072,-0.0750531644997769,-0.07079048747770834,-0.05525614438843463,-0.07598139875139395,-0.010349883299517873,0.01603701697784112,-0.06388085213445316,0.013457602994081106,0.013214566301160404,0.0012308447257083311,0.01825610901444557,0.06235778630890921,-0.07462306477686748,-0.07609002086970383,-0.046289679026493696,0.06499123959317842,0.08386020913106024,0.06763358115846958,0.07380178734055315,-0.03032991649028276,0.021720717671851332,-0.001521012785849804,0.07310215087538043
